# Character: 0
# Dimensions: 16x30
# Data: Binary values (1=Foreground/ON, 0=Background/OFF)
0000000000000000
0000000000000000
0000000000000000
0000000000000000
0000000000000000
0000000000000000
0000000000000000
0000111111100000
0001100000110000
0011000000011000
0011000000011000
0011000000011000
0011000000111000
0011000001111000
0011000011011000
0011000110011000
0011001100011000
0011011000011000
0011110000011000
0011100000011000
0011000000011000
0011000000011000
0011000000011000
0001100000110000
0000111111100000
0000000000000000
0000000000000000
0000000000000000
0000000000000000
0000000000000000