# Character: 4
# Dimensions: 16x30
# Data: Binary values (1=Foreground/ON, 0=Background/OFF)
0000000000000000
0000000000000000
0000000000000000
0000000000000000
0000000000000000
0000000000000000
0000000000000000
0000000000011000
0000000000111000
0000000001111000
0000000011011000
0000000110011000
0000001100011000
0000011000011000
0000110000011000
0001100000011000
0011000000011000
0011000000011000
0011000000011000
0011000000011000
0011111111111000
0000000000011000
0000000000011000
0000000000011000
0000000000011000
0000000000000000
0000000000000000
0000000000000000
0000000000000000
0000000000000000