# Character: F
# Dimensions: 16x30
# Data: Binary values (1=Foreground/ON, 0=Background/OFF)
0000000000000000
0000000000000000
0000000000000000
0000000000000000
0000000000000000
0000000000000000
0000000000000000
0011111111111000
0011000000000000
0011000000000000
0011000000000000
0011000000000000
0011000000000000
0011000000000000
0011000000000000
0011111111000000
0011000000000000
0011000000000000
0011000000000000
0011000000000000
0011000000000000
0011000000000000
0011000000000000
0011000000000000
0011000000000000
0000000000000000
0000000000000000
0000000000000000
0000000000000000
0000000000000000