# Character: j
# Dimensions: 16x30
# Data: Binary values (1=Foreground/ON, 0=Background/OFF)
0000000000000000
0000000000000000
0000000000000000
0000000000000000
0000000000000000
0000000000000000
0000000000000000
0000000000110000
0000000000110000
0000000000110000
0000000000000000
0000000000000000
0000000011110000
0000000000110000
0000000000110000
0000000000110000
0000000000110000
0000000000110000
0000000000110000
0000000000110000
0000000000110000
0000000000110000
0000000000110000
0000000000110000
0000000000110000
0001100000110000
0001100000110000
0001100000110000
0000110001100000
0000011111000000