# Character: J
# Dimensions: 16x30
# Data: Binary values (1=Foreground/ON, 0=Background/OFF)
0000000000000000
0000000000000000
0000000000000000
0000000000000000
0000000000000000
0000000000000000
0000000000000000
0000000011111100
0000000000110000
0000000000110000
0000000000110000
0000000000110000
0000000000110000
0000000000110000
0000000000110000
0000000000110000
0000000000110000
0000000000110000
0000000000110000
0011000000110000
0011000000110000
0011000000110000
0011000000110000
0001100001100000
0000111111000000
0000000000000000
0000000000000000
0000000000000000
0000000000000000
0000000000000000