# Character: k
# Dimensions: 16x30
# Data: Binary values (1=Foreground/ON, 0=Background/OFF)
0000000000000000
0000000000000000
0000000000000000
0000000000000000
0000000000000000
0000000000000000
0000000000000000
0001100000000000
0001100000000000
0001100000000000
0001100000000000
0001100000000000
0001100000011000
0001100000110000
0001100001100000
0001100011000000
0001100110000000
0001101100000000
0001111000000000
0001101100000000
0001100110000000
0001100011000000
0001100001100000
0001100000110000
0001100000011000
0000000000000000
0000000000000000
0000000000000000
0000000000000000
0000000000000000