# Character: p
# Dimensions: 16x30
# Data: Binary values (1=Foreground/ON, 0=Background/OFF)
0000000000000000
0000000000000000
0000000000000000
0000000000000000
0000000000000000
0000000000000000
0000000000000000
0000000000000000
0000000000000000
0000000000000000
0000000000000000
0000000000000000
0011111111100000
0011000000110000
0011000000011000
0011000000011000
0011000000011000
0011000000011000
0011000000011000
0011000000011000
0011000000011000
0011000000011000
0011000000011000
0011000000110000
0011111111100000
0011000000000000
0011000000000000
0011000000000000
0011000000000000
0011000000000000