# Character: t
# Dimensions: 16x30
# Data: Binary values (1=Foreground/ON, 0=Background/OFF)
0000000000000000
0000000000000000
0000000000000000
0000000000000000
0000000000000000
0000000000000000
0000000000000000
0000001100000000
0000001100000000
0000001100000000
0000001100000000
0000001100000000
0001111111100000
0000001100000000
0000001100000000
0000001100000000
0000001100000000
0000001100000000
0000001100000000
0000001100000000
0000001100000000
0000001100000000
0000001100000000
0000001100000000
0000000111110000
0000000000000000
0000000000000000
0000000000000000
0000000000000000
0000000000000000