# Character: V
# Dimensions: 16x30
# Data: Binary values (1=Foreground/ON, 0=Background/OFF)
0000000000000000
0000000000000000
0000000000000000
0000000000000000
0000000000000000
0000000000000000
0000000000000000
0011000000011000
0011000000011000
0011000000011000
0011000000011000
0001100000110000
0001100000110000
0001100000110000
0001100000110000
0000110001100000
0000110001100000
0000110001100000
0000110001100000
0000011011000000
0000011011000000
0000011011000000
0000001110000000
0000001110000000
0000001110000000
0000000000000000
0000000000000000
0000000000000000
0000000000000000
0000000000000000