# Character: W
# Dimensions: 16x30
# Data: Binary values (1=Foreground/ON, 0=Background/OFF)
0000000000000000
0000000000000000
0000000000000000
0000000000000000
0000000000000000
0000000000000000
0000000000000000
0011000000001100
0011000000001100
0011000000001100
0011000000001100
0011000000001100
0011000000001100
0011000000001100
0011000000001100
0011000000001100
0011000110001100
0011000110001100
0011001111001100
0011011001101100
0011011001101100
0011110000111100
0011100000011100
0011000000001100
0011000000001100
0000000000000000
0000000000000000
0000000000000000
0000000000000000
0000000000000000