# Character: w
# Dimensions: 16x30
# Data: Binary values (1=Foreground/ON, 0=Background/OFF)
0000000000000000
0000000000000000
0000000000000000
0000000000000000
0000000000000000
0000000000000000
0000000000000000
0000000000000000
0000000000000000
0000000000000000
0000000000000000
0000000000000000
0011000000001100
0011000000001100
0011000000001100
0011000000001100
0011000110001100
0011000110001100
0011000110001100
0011000110001100
0011000110001100
0011000110001100
0011000110001100
0001100110011000
0000111111110000
0000000000000000
0000000000000000
0000000000000000
0000000000000000
0000000000000000