# Character: y
# Dimensions: 16x30
# Data: Binary values (1=Foreground/ON, 0=Background/OFF)
0000000000000000
0000000000000000
0000000000000000
0000000000000000
0000000000000000
0000000000000000
0000000000000000
0000000000000000
0000000000000000
0000000000000000
0000000000000000
0000000000000000
0011000000011000
0011000000011000
0011000000011000
0011000000011000
0011000000011000
0011000000011000
0011000000011000
0011000000011000
0011000000011000
0011000000011000
0011000000011000
0001100000011000
0000111111111000
0000000000011000
0000000000011000
0000000000011000
0000000000110000
0001111111100000