# Character: Y
# Dimensions: 16x30
# Data: Binary values (1=Foreground/ON, 0=Background/OFF)
0000000000000000
0000000000000000
0000000000000000
0000000000000000
0000000000000000
0000000000000000
0000000000000000
0011000000001100
0011000000001100
0001100000011000
0001100000011000
0000110000110000
0000110000110000
0000011001100000
0000011001100000
0000001111000000
0000001111000000
0000000110000000
0000000110000000
0000000110000000
0000000110000000
0000000110000000
0000000110000000
0000000110000000
0000000110000000
0000000000000000
0000000000000000
0000000000000000
0000000000000000
0000000000000000