# Character: z
# Dimensions: 16x30
# Data: Binary values (1=Foreground/ON, 0=Background/OFF)
0000000000000000
0000000000000000
0000000000000000
0000000000000000
0000000000000000
0000000000000000
0000000000000000
0000000000000000
0000000000000000
0000000000000000
0000000000000000
0000000000000000
0011111111111000
0000000000011000
0000000000110000
0000000001100000
0000000011000000
0000000110000000
0000001100000000
0000011000000000
0000110000000000
0001100000000000
0011000000000000
0011000000000000
0011111111111000
0000000000000000
0000000000000000
0000000000000000
0000000000000000
0000000000000000